[gd_scene load_steps=4 format=3 uid="uid://cfy8a86mnvqyt"]

[ext_resource type="Script" path="res://Characters/Enemies/Squirrel3D.gd" id="1_wl77v"]
[ext_resource type="PackedScene" uid="uid://ba8vj5rb7dtp7" path="res://assets/ardini.gltf" id="1_ybu05"]

[sub_resource type="Environment" id="Environment_yjtgi"]
background_color = Color(1, 1, 1, 1)
glow_enabled = true

[node name="Squirrel3D" type="Node3D"]
script = ExtResource("1_wl77v")

[node name="Camera3D" type="Camera3D" parent="."]
transform = Transform3D(1, 0, 0, 0, 0.246779, 0.969072, 0, -0.969072, 0.246779, 0, 6.8143, 0.333916)
environment = SubResource("Environment_yjtgi")
current = true
fov = 65.4

[node name="SpotLight3D" type="SpotLight3D" parent="."]
transform = Transform3D(1, 0, 0, 0, 0.0372542, 0.999306, 0, -0.999306, 0.0372542, 0, 2.5987, 2.02871)
light_energy = 3.0

[node name="SpotLight3D2" type="SpotLight3D" parent="."]
transform = Transform3D(-0.933198, -0.277683, 0.228108, 0.0518513, 0.524071, 0.850095, -0.355601, 0.805135, -0.474664, 0, 3.0594, -2.92227)
light_energy = 30.0
light_indirect_energy = 100.0

[node name="DirectionalLight3D" type="DirectionalLight3D" parent="."]
light_energy = 10.0
shadow_enabled = true

[node name="ardini" parent="." instance=ExtResource("1_ybu05")]

[node name="Skeleton3D" parent="ardini/Armature" index="1"]
bones/1/rotation = Quaternion(0.585584, 3.03669e-17, -5.94446e-17, 0.810612)
bones/2/rotation = Quaternion(-0.528198, -3.36693e-17, 5.24997e-17, 0.849121)
bones/3/rotation = Quaternion(-0.478861, 2.06385e-18, 6.37855e-17, 0.877891)

[node name="SirenLight" type="OmniLight3D" parent="."]
transform = Transform3D(1, 0, 0, 0, 1, 0, 0, 0, 1, 0, 1.15594, 0)
light_color = Color(1, 0, 0, 1)
light_specular = 20.0

[editable path="ardini"]
